246 335 1
275 360 1
366 358 1
429 221 1
437 156 1
490 158 1
685 309 1
586 463 1
665 516 1
432 510 1
205 511 1
516 367 1
261 411 1
270 379 1
323 251 1
139 141 2
145 264 2
555 291 1
514 227 1
201 409 1
142 277 1
97 293 1
138 392 1
383 188 0
391 363 1
268 285 1
213 149 1
308 300 1
533 382 1
527 363 1
523 296 1
659 222 1
240 246 1
290 488 1
232 373 1
163 251 1
80 364 1
310 346 1
315 304 1
208 243 1
175 303 1
116 279 1
105 400 1
83 473 1
60 512 1
422 398 1
278 271 1
259 241 1
350 215 2
341 278 2
354 341 2
311 219 2
646 337 2
634 308 2
607 307 2
466 511 0
503 529 0
561 556 0
344 290 0
768 377 0
741 397 0
138 309 0
77 241 0
533 207 0
372 350 0
566 396 0
777 476 0
305 317 0
362 431 0
321 456 1
486 415 1
282 378 1
61 436 1
321 250 1
340 323 1
206 325 1
325 266 1
376 229 1
363 316 0
352 271 0
228 425 1
233 529 1
555 203 1
263 101 1
112 266 0
256 218 0
671 397 0
468 188 0
388 223 1
