1753.0 187.0 1
1523.0 440.0 1
2032.0 409.0 1
1753.0 720.0 2
1774.0 742.0 2
1825.0 709.0 2
1841.0 683.0 2
2053.0 1074.0 2
2051.0 1106.0 2
2021.0 1112.0 2
1819.0 1197.0 2
1849.0 1073.0 2
1874.0 1042.0 2
2171.0 1132.0 2
2169.0 1119.0 2
2185.0 1215.0 1
2176.0 1183.0 1
2118.0 1195.0 1
1751.0 1256.0 1
1818.0 1194.0 2
1819.0 1206.0 2
1826.0 1196.0 2
1849.0 1186.0 2
1603.0 1140.0 1
1547.0 1115.0 1
1719.0 1013.0 2
1700.0 1020.0 2
1709.0 1634.0 2
1689.0 1639.0 0
1689.0 1665.0 0
1618.0 1681.0 2
1567.0 1701.0 2
1561.0 1702.0 2
1513.0 1720.0 2
1507.0 1723.0 2
1571.0 1674.0 2
1546.0 1666.0 2
1617.0 1556.0 2
1686.0 1634.0 0
1806.0 1877.0 0
1816.0 1884.0 0
1952.0 1741.0 0
1957.0 1720.0 0
1523.0 4552.0 2
1851.0 5467.0 2
1849.0 5472.0 2
1824.0 5478.0 2
1769.0 5426.0 2
1751.0 5398.0 2
1739.0 5388.0 2
1931.0 5474.0 2
1805.0 5259.0 2
1693.0 5605.0 1
1756.0 5588.0 1
1771.0 5580.0 1
1798.0 5563.0 1
1626.0 5635.0 1
1605.0 5613.0 1
1593.0 5757.0 1
4189.0 5726.0 0
4192.0 5677.0 0
3881.0 6434.0 2
3887.0 6446.0 2
3907.0 6437.0 2
3916.0 6420.0 2
3931.0 6436.0 2
3974.0 6363.0 2
3984.0 6355.0 2
4720.0 4999.0 2
4720.0 4977.0 2
4748.0 4979.0 2
5977.0 3949.0 0
5982.0 3967.0 0
5956.0 3869.0 0
6004.0 3845.0 0
6005.0 3834.0 0
5750.0 3931.0 0
5778.0 3998.0 0
5766.0 4004.0 0
6040.0 4223.0 0
6022.0 4226.0 0
5937.0 4217.0 0
5919.0 4220.0 0
5650.0 4067.0 0
5745.0 4186.0 0
5666.0 3179.0 0
5533.0 3179.0 0
5140.0 3156.0 0
5181.0 3075.0 0
5311.0 3333.0 0
5336.0 3346.0 0
5141.0 3263.0 0
5004.0 3382.0 0
5327.0 2860.0 0
5363.0 2855.0 0
5569.0 2916.0 0
5506.0 2910.0 0
5512.0 2877.0 0
5483.0 2690.0 0
5561.0 2701.0 0
4712.0 2671.0 0
4721.0 2659.0 0
4833.0 3048.0 0
4819.0 2819.0 0
4820.0 2813.0 0
4822.0 2801.0 0
4775.0 2784.0 0
4743.0 2693.0 0
4529.0 2298.0 1
4538.0 2263.0 1
4422.0 2406.0 0
4452.0 2212.0 0
4807.0 2464.0 0
4715.0 3455.0 1
4677.0 3470.0 1
4587.0 3508.0 1
4519.0 3440.0 1
4483.0 3248.0 1
4812.0 3408.0 0
4713.0 3317.0 0
1847.0 5478.0 2
1775.0 5420.0 2
1751.0 5396.0 2
1811.0 5257.0 2
1783.0 5241.0 2
1810.0 5198.0 2
1840.0 5160.0 2
2567.0 6048.0 0
2529.0 4825.0 2
2553.0 4960.0 2
3885.0 6432.0 2
3898.0 6442.0 2
3935.0 6435.0 2
3949.0 6385.0 2
5456.0 4041.0 2
5417.0 4022.0 2
5422.0 4003.0 2
5352.0 3951.0 2
5190.0 4118.0 2
5192.0 4145.0 2
5584.0 3847.0 0
5737.0 3920.0 0
5557.0 3831.0 0
