1820.0 321.0 0
1822.0 311.0 0
1861.0 229.0 0
1882.0 209.0 0
1884.0 158.0 0
1913.0 133.0 0
1886.0 123.0 0
1895.0 177.0 0
1705.0 324.0 1
1696.0 352.0 1
1737.0 226.0 1
1749.0 201.0 1
1562.0 316.0 1
1555.0 345.0 1
1516.0 372.0 1
1481.0 366.0 1
1453.0 371.0 0
1746.0 410.0 0
1733.0 393.0 0
1544.0 494.0 1
1528.0 517.0 1
1956.0 488.0 0
1753.0 716.0 2
1774.0 742.0 2
1751.0 727.0 2
1434.0 754.0 2
1415.0 746.0 2
1414.0 735.0 2
1397.0 720.0 2
1409.0 711.0 2
1876.0 1053.0 2
2041.0 1108.0 2
2053.0 1101.0 2
2051.0 1073.0 2
2013.0 1058.0 2
2006.0 1077.0 2
1900.0 1066.0 0
1912.0 1099.0 0
1934.0 1056.0 0
1679.0 1023.0 1
1680.0 1010.0 1
1818.0 1195.0 2
1658.0 1357.0 2
1657.0 1340.0 2
1676.0 1340.0 2
1684.0 1325.0 2
1820.0 1199.0 2
1817.0 1187.0 2
1851.0 1190.0 2
2041.0 1294.0 2
2022.0 1291.0 2
2016.0 1281.0 2
1911.0 1391.0 1
1923.0 1418.0 1
1691.0 1358.0 0
1705.0 1416.0 0
1703.0 1455.0 0
1675.0 1500.0 0
1460.0 1156.0 0
1464.0 1131.0 0
1387.0 1181.0 0
1395.0 1161.0 0
1504.0 1728.0 2
1609.0 1690.0 2
1619.0 1680.0 2
1621.0 1786.0 2
1687.0 1661.0 0
1685.0 1630.0 0
1588.0 1888.0 1
1758.0 1722.0 1
1772.0 1680.0 1
1726.0 1666.0 1
1950.0 1741.0 0
1860.0 1909.0 0
1811.0 1879.0 0
1342.0 3476.0 2
1353.0 3488.0 2
1369.0 3499.0 2
1376.0 3493.0 2
1402.0 3460.0 2
1394.0 3442.0 2
1411.0 3472.0 2
1273.0 3457.0 2
1244.0 3476.0 2
1599.0 3476.0 2
1601.0 3466.0 2
1621.0 3479.0 2
1581.0 3505.0 0
1573.0 3520.0 0
1485.0 3614.0 0
990.0 3638.0 2
988.0 3631.0 2
998.0 3619.0 2
1005.0 3611.0 2
956.0 3584.0 2
957.0 3577.0 2
1095.0 3516.0 1
963.0 3531.0 1
923.0 3416.0 1
1183.0 3372.0 1
1237.0 3337.0 1
1294.0 3392.0 0
984.0 3276.0 0
935.0 3224.0 0
1255.0 3904.0 2
1251.0 3892.0 2
1266.0 3926.0 2
1283.0 3907.0 2
1258.0 3911.0 1
1358.0 4000.0 0
1366.0 4028.0 2
926.0 4265.0 2
938.0 4253.0 2
948.0 4268.0 2
1024.0 4262.0 1
1387.0 4561.0 0
1391.0 4598.0 0
1071.0 4697.0 0
969.0 4529.0 2
898.0 4689.0 2
903.0 4699.0 2
937.0 4528.0 2
969.0 4540.0 2
976.0 4556.0 2
1001.0 4547.0 1
1389.0 4516.0 1
1415.0 4514.0 1
1066.0 4413.0 0
1600.0 5836.0 0
935.0 5943.0 2
1099.0 5894.0 2
991.0 5865.0 2
2388.0 6105.0 0
2572.0 6102.0 0
2576.0 6048.0 0
2543.0 6043.0 0
2328.0 5703.0 2
2320.0 5695.0 2
2461.0 5764.0 2
2479.0 5847.0 2
2416.0 5847.0 2
2399.0 5836.0 2
2164.0 5975.0 0
3886.0 6448.0 2
3882.0 6430.0 2
3909.0 6442.0 2
3927.0 6411.0 2
3926.0 6389.0 2
3899.0 6400.0 1
3895.0 6363.0 1
3868.0 6250.0 1
3903.0 6090.0 1
4110.0 6286.0 1
4239.0 6352.0 1
4380.0 6377.0 0
4385.0 6366.0 0
4263.0 6277.0 2
4286.0 6262.0 2
4212.0 6181.0 2
4619.0 6175.0 0
4895.0 6096.0 0
4716.0 5000.0 2
4719.0 4982.0 2
4721.0 4953.0 2
4615.0 5015.0 0
5936.0 4220.0 0
5913.0 4238.0 0
5916.0 4226.0 0
5924.0 4212.0 0
5829.0 4110.0 1
5657.0 4085.0 0
5544.0 4151.0 1
5498.0 4158.0 2
5458.0 4064.0 2
5462.0 4046.0 2
5439.0 4064.0 2
5415.0 4021.0 2
5432.0 4015.0 2
5391.0 4011.0 2
5467.0 4297.0 0
6011.0 4227.0 0
6041.0 4224.0 0
6066.0 4194.0 0
6118.0 4081.0 0
6120.0 4070.0 0
6128.0 4064.0 0
6111.0 4056.0 0
6093.0 4061.0 0
6078.0 4072.0 0
6065.0 4043.0 0
6008.0 3993.0 0
5997.0 3974.0 0
5979.0 3965.0 0
5975.0 3955.0 0
5779.0 3997.0 0
5764.0 4007.0 0
5759.0 3997.0 0
5841.0 4421.0 0
5844.0 4419.0 0
5860.0 4424.0 0
5880.0 4423.0 0
5928.0 4459.0 0
5928.0 4445.0 0
5937.0 4422.0 0
5938.0 4389.0 0
5955.0 3871.0 0
5956.0 3857.0 0
6018.0 3830.0 0
5956.0 3807.0 0
5944.0 3827.0 0
6003.0 3774.0 0
6007.0 3764.0 0
6013.0 3735.0 0
5959.0 3731.0 0
5951.0 3681.0 0
5965.0 3668.0 0
5895.0 3665.0 0
5754.0 3773.0 0
5732.0 3774.0 0
5470.0 3705.0 1
5486.0 3676.0 1
5458.0 3625.0 1
5551.0 3651.0 0
5559.0 3730.0 0
5585.0 3941.0 0
5736.0 3273.0 0
5728.0 3290.0 0
5688.0 3351.0 0
5688.0 3343.0 0
5689.0 3336.0 0
5689.0 3334.0 0
5690.0 3326.0 0
5691.0 3321.0 0
5680.0 3211.0 0
5680.0 3174.0 0
5654.0 3151.0 0
5538.0 3088.0 0
5558.0 3123.0 0
5535.0 3181.0 0
5561.0 3061.0 0
5495.0 3039.0 0
5734.0 3061.0 0
5149.0 3362.0 0
5167.0 3351.0 0
5183.0 3340.0 0
5145.0 3346.0 0
5120.0 3362.0 0
5045.0 3376.0 0
5076.0 3275.0 0
5069.0 3234.0 0
5093.0 3236.0 0
5265.0 3236.0 0
5263.0 3228.0 0
5293.0 3263.0 0
5293.0 3282.0 0
5246.0 3280.0 0
5253.0 3311.0 0
5306.0 3340.0 0
5171.0 3066.0 0
4983.0 3048.0 0
5008.0 3053.0 0
5039.0 3044.0 0
4955.0 2649.0 0
4960.0 2622.0 0
4968.0 2597.0 0
4920.0 2571.0 0
4723.0 2657.0 0
4721.0 2669.0 0
4686.0 2698.0 0
4496.0 2593.0 0
4495.0 2595.0 0
4468.0 2584.0 0
4514.0 2549.0 0
4632.0 2184.0 0
4655.0 2198.0 0
4560.0 2093.0 0
4562.0 2110.0 0
4886.0 2022.0 1
5078.0 2013.0 0
5032.0 1650.0 0
5032.0 1670.0 0
4933.0 1632.0 0
4950.0 1628.0 0
4937.0 1588.0 1
4904.0 1528.0 1
4763.0 1740.0 1
4705.0 1688.0 1
4780.0 1282.0 0
4756.0 1261.0 0
5094.0 1213.0 0
5021.0 1179.0 0
5024.0 1166.0 0
4977.0 1180.0 0
4971.0 1170.0 0
4937.0 1150.0 0
4957.0 860.0 2
4925.0 855.0 2
4943.0 851.0 2
5466.0 4042.0 2
5459.0 4051.0 2
5412.0 4019.0 2
5398.0 4004.0 2
5346.0 3959.0 2
5336.0 3936.0 2
5568.0 3856.0 0
5567.0 3842.0 0
5272.0 3609.0 0
5259.0 3660.0 0
3801.0 4615.0 1
3823.0 4590.0 1
3854.0 4474.0 1
3991.0 4364.0 1
4070.0 4444.0 0
4085.0 4415.0 0
4086.0 4374.0 0
3979.0 4304.0 0
3882.0 4350.0 0
4143.0 4678.0 0
4787.0 2610.0 0
5245.0 2697.0 0
4213.0 2631.0 2
4239.0 2641.0 2
4237.0 2619.0 2
3906.0 2632.0 2
3916.0 2622.0 2
3909.0 2581.0 2
3941.0 2810.0 0
3937.0 2831.0 0
4198.0 2918.0 0
4212.0 2921.0 0
4250.0 2902.0 0
4262.0 2902.0 0
4248.0 2745.0 2
4261.0 2743.0 2
4292.0 2749.0 2
4302.0 2752.0 2
4135.0 3201.0 2
4141.0 3190.0 2
4190.0 3201.0 2
4195.0 3196.0 2
4205.0 3187.0 2
4180.0 3144.0 2
3874.0 3022.0 2
3889.0 2994.0 2
3868.0 2994.0 2
4060.0 3402.0 1
4041.0 3355.0 1
4148.0 3440.0 1
3966.0 3484.0 1
3918.0 3424.0 1
3896.0 3343.0 1
3820.0 3293.0 0
3844.0 3261.0 0
