2368.0 471.0 2
2413.0 507.0 2
2388.0 558.0 2
2466.0 414.0 2
2248.0 440.0 1
2261.0 579.0 1
2311.0 571.0 1
2271.0 631.0 1
2225.0 700.0 1
2106.0 547.0 1
2474.0 1008.0 1
2443.0 766.0 0
2414.0 881.0 0
2290.0 1005.0 0
4229.0 1014.0 0
4249.0 988.0 0
4139.0 1046.0 0
4111.0 1052.0 0
4577.0 1081.0 0
4660.0 998.0 0
4573.0 971.0 0
4605.0 853.0 0
4615.0 876.0 0
4516.0 1087.0 1
4395.0 1026.0 1
4264.0 1131.0 1
4358.0 767.0 0
4335.0 775.0 0
4378.0 758.0 0
4239.0 1500.0 0
4192.0 1481.0 0
4557.0 1952.0 0
4572.0 1908.0 0
4293.0 2035.0 0
4245.0 2064.0 0
4242.0 2127.0 0
4452.0 2222.0 0
4452.0 2192.0 0
4438.0 2204.0 0
4442.0 2219.0 0
4212.0 2220.0 0
4218.0 2196.0 0
4274.0 2364.0 0
4285.0 2360.0 0
4307.0 2358.0 0
4142.0 2261.0 0
4171.0 2258.0 0
4104.0 2175.0 0
4070.0 2159.0 0
4111.0 2154.0 0
4097.0 2345.0 0
4017.0 2258.0 0
4099.0 2304.0 0
4471.0 2593.0 0
4494.0 2600.0 0
4496.0 2609.0 0
4530.0 2601.0 0
4543.0 2595.0 0
4624.0 2626.0 0
4637.0 2628.0 0
4659.0 2633.0 0
4601.0 2681.0 0
4615.0 2681.0 0
4604.0 2826.0 0
4604.0 2812.0 0
4587.0 2808.0 0
4553.0 2793.0 0
4550.0 2767.0 0
4599.0 2954.0 0
4606.0 2944.0 0
4786.0 2853.0 0
4816.0 2810.0 0
4799.0 2818.0 0
4797.0 2814.0 0
4798.0 2786.0 0
4798.0 2781.0 0
4927.0 2786.0 0
4868.0 2748.0 0
4851.0 2746.0 0
4843.0 2709.0 0
4822.0 2700.0 0
4791.0 2699.0 0
4758.0 2677.0 0
4747.0 2678.0 0
4736.0 2681.0 0
4720.0 2667.0 0
4682.0 2697.0 0
4834.0 3047.0 0
4746.0 3046.0 0
4723.0 3057.0 0
4714.0 3018.0 0
4745.0 2999.0 0
4734.0 2993.0 0
4914.0 3530.0 0
4922.0 3539.0 0
4894.0 3530.0 0
5172.0 3358.0 0
5178.0 3337.0 0
5148.0 3345.0 0
5099.0 3374.0 0
5272.0 3599.0 0
5264.0 3569.0 0
5544.0 3093.0 0
5501.0 3115.0 0
5347.0 3076.0 0
5104.0 3668.0 1
5129.0 3612.0 1
5056.0 3669.0 1
5478.0 3684.0 1
5460.0 3632.0 1
5568.0 3844.0 0
5585.0 3844.0 0
5735.0 3875.0 0
5896.0 3668.0 0
5695.0 3642.0 0
5659.0 3650.0 0
5780.0 3525.0 0
5788.0 3548.0 0
5775.0 3560.0 0
5793.0 3574.0 0
5829.0 3579.0 0
5892.0 3584.0 0
5907.0 3724.0 0
6013.0 3832.0 0
5956.0 3866.0 0
5949.0 3847.0 0
5949.0 3828.0 0
6002.0 3774.0 0
6070.0 3873.0 0
6022.0 4224.0 0
6029.0 4249.0 0
5921.0 4220.0 0
5938.0 4220.0 0
5912.0 4236.0 0
5760.0 4002.0 0
5783.0 3996.0 0
5774.0 3972.0 0
5778.0 4013.0 0
6002.0 3764.0 0
6409.0 3870.0 0
6398.0 3872.0 0
6417.0 3871.0 0
6423.0 3874.0 0
6331.0 3872.0 0
6287.0 3815.0 0
6369.0 3784.0 0
6368.0 3742.0 0
6349.0 3766.0 0
6378.0 3678.0 0
6351.0 3690.0 0
6350.0 3711.0 0
6191.0 3720.0 0
6189.0 3705.0 0
6191.0 3695.0 0
6129.0 3568.0 0
6111.0 3555.0 0
6310.0 3560.0 1
6234.0 3562.0 1
6235.0 3426.0 1
6271.0 3510.0 0
