91 39 77 153 59 8 139 48 18 139 159 289 123 62 8 17 201 209 van 
96 50 94 215 67 9 187 35 22 158 214 525 214 67 8 6 193 201 saab
88 35 60 143 59 7 128 52 18 129 147 246 109 62 1 6 202 209 van 
110 46 100 197 61 9 193 34 22 149 209 561 160 65 11 7 194 203 saab
87 41 66 140 58 6 148 46 19 136 164 318 178 79 19 2 181 185 saab
89 47 83 169 61 8 164 40 20 150 189 402 190 72 7 10 187 193 saab
90 43 72 157 64 8 136 49 18 145 158 279 167 64 4 6 201 209 van 
90 47 85 161 64 10 163 42 20 160 177 389 185 73 9 0 185 195 van 
102 43 96 197 63 10 185 36 22 142 202 513 139 65 8 12 195 204 opel
110 53 104 223 66 10 211 32 24 164 223 659 210 67 5 16 190 203 saab
94 46 91 175 70 12 157 43 20 155 172 358 192 69 15 21 190 200 van 
85 44 66 125 58 6 148 45 19 145 170 323 185 84 8 1 180 183 bus 
95 51 96 196 63 9 190 35 22 161 208 543 235 68 13 0 191 198 opel
103 41 83 194 63 9 175 38 21 142 199 455 138 65 7 30 197 206 opel
97 47 88 183 60 7 197 33 23 148 214 596 201 74 8 0 192 191 bus 
91 35 66 159 59 7 147 45 19 131 169 322 123 64 1 1 197 203 opel
92 37 80 180 67 8 154 43 19 129 180 353 144 69 6 9 190 195 saab
100 58 109 230 70 11 226 30 25 182 234 752 207 72 0 13 187 198 opel
82 43 73 158 68 7 151 44 19 145 181 337 173 80 2 17 183 188 bus 
105 51 80 207 71 6 195 33 22 159 214 579 188 75 6 20 194 194 bus 
86 45 70 122 56 7 148 45 19 144 170 324 186 84 9 5 180 183 bus 
89 41 76 183 73 7 157 42 19 136 181 373 153 74 8 12 191 195 bus 
95 46 76 162 66 11 162 42 20 155 175 381 172 74 8 4 184 193 van 
96 46 70 194 70 6 167 39 20 148 183 427 171 69 17 10 200 203 bus 
90 46 73 137 58 11 161 43 20 158 170 373 186 76 0 9 182 193 van 
110 56 109 199 57 5 251 27 27 169 272 928 268 82 11 10 183 183 bus 
99 38 74 184 66 6 164 39 20 131 193 414 137 71 2 22 200 202 bus 
85 42 66 120 53 7 149 46 19 143 169 321 160 85 10 7 180 182 bus 
88 40 69 146 59 7 130 51 18 134 147 252 144 64 1 1 193 200 opel
106 57 107 235 67 6 262 26 28 171 285 987 260 86 9 31 180 184 bus 
89 35 52 121 57 4 122 55 17 125 139 220 128 82 5 13 181 184 saab
105 51 105 197 60 11 191 35 22 162 207 545 194 64 18 4 196 205 saab
94 40 85 186 62 9 169 39 20 139 184 430 133 61 2 9 200 210 saab
86 45 71 170 70 6 146 45 19 146 172 321 189 71 10 8 187 191 bus 
108 51 100 206 63 10 196 34 23 159 214 576 201 65 7 16 194 205 saab
90 46 75 133 55 11 160 43 20 161 173 369 171 77 0 16 182 192 van 
100 43 92 197 62 10 180 36 21 143 200 489 153 64 6 9 195 205 saab
92 41 66 125 52 7 139 50 18 143 160 275 161 81 7 19 182 184 van 
89 38 82 156 59 8 153 43 19 129 179 351 137 70 1 1 187 192 saab
92 37 75 184 70 6 154 42 19 131 184 363 127 71 0 4 198 202 bus 
83 42 71 152 64 7 149 45 19 142 172 331 158 74 2 2 184 190 bus 
93 47 83 165 60 7 167 40 20 147 197 417 201 73 12 4 187 192 opel
106 53 98 192 58 11 217 31 24 166 228 693 191 71 11 24 188 198 opel
108 49 103 200 62 10 206 32 23 155 227 635 215 72 6 16 189 198 saab
96 48 83 177 59 8 171 39 21 152 195 438 196 67 15 0 195 201 opel
93 43 78 162 64 8 137 48 18 145 156 281 159 63 17 12 203 210 van 
99 52 104 177 55 10 210 32 24 166 219 657 215 73 3 2 187 194 opel
110 54 102 201 64 11 213 31 24 171 222 669 221 73 17 16 188 198 saab
82 43 70 250 105 55 139 48 18 145 231 289 172 99 4 9 190 199 van 
92 35 58 136 58 6 122 55 17 132 142 222 116 64 6 17 197 203 van 
94 49 82 137 56 10 159 43 20 160 176 367 186 76 10 7 183 192 van 
95 42 96 197 65 9 178 37 21 141 199 474 149 67 1 29 193 200 opel
102 54 98 201 61 6 225 29 25 165 246 766 231 79 9 14 188 187 bus 
100 54 102 206 65 10 198 33 23 164 224 587 240 72 4 11 187 196 saab
105 45 100 195 61 10 198 33 23 149 214 586 186 67 8 5 192 200 saab
107 53 108 211 63 11 219 31 25 168 228 704 198 69 10 21 190 203 saab
94 44 70 186 72 8 153 42 19 144 171 361 178 67 7 2 199 206 bus 
100 52 109 225 68 10 222 30 25 165 241 731 207 73 7 28 188 199 opel
97 41 88 184 59 9 175 38 21 140 192 459 147 63 1 5 196 205 saab
96 46 74 202 74 5 163 39 20 149 185 408 191 70 7 8 196 200 bus 
104 52 110 172 53 10 219 30 25 166 235 711 218 74 10 28 188 198 opel
104 53 101 199 65 11 213 31 24 168 216 667 221 72 12 12 187 198 saab
91 38 76 172 61 8 167 40 20 134 196 415 145 71 0 28 189 198 opel
105 54 108 234 70 12 215 31 24 168 226 687 228 68 4 22 189 201 saab
94 45 85 163 68 10 157 44 20 156 170 357 176 73 17 11 187 195 van 
105 46 100 195 61 9 193 34 22 150 207 557 161 65 5 9 194 202 opel
94 45 85 160 63 10 158 43 20 157 174 367 162 68 1 6 189 199 van 
91 37 76 138 55 8 132 51 18 135 157 256 124 69 0 12 191 192 van 
102 48 105 214 64 10 201 33 23 152 214 600 178 64 0 25 192 204 saab
96 44 68 190 70 7 155 41 19 145 179 372 166 67 5 7 202 206 bus 
85 36 72 127 56 7 127 54 18 125 144 233 123 70 3 30 184 194 opel
103 48 96 232 71 10 205 32 23 153 226 633 197 71 2 15 188 196 opel
101 55 107 200 61 11 225 30 25 178 228 730 204 74 8 35 187 201 opel
103 52 103 170 52 7 236 28 26 160 254 816 250 82 3 23 183 184 bus 
85 45 73 167 69 8 143 46 18 148 173 307 176 71 2 0 190 199 van 
114 57 102 181 52 6 257 26 28 169 287 968 261 85 2 21 182 184 bus 
88 40 55 114 53 7 132 53 18 139 142 249 158 87 0 7 176 183 van 
86 37 77 144 54 7 154 43 19 127 179 352 145 71 14 13 186 191 opel
102 51 104 217 67 10 204 32 23 162 220 621 195 68 3 19 188 197 saab
105 51 93 160 51 7 217 30 24 165 240 703 208 81 9 25 188 188 bus 
100 50 98 204 63 6 218 30 24 156 232 719 213 77 8 7 189 189 bus 
96 44 85 166 66 10 155 43 19 150 167 355 159 67 3 10 192 202 van 
109 52 104 199 60 12 215 31 24 162 220 691 212 67 11 7 189 199 saab
87 39 74 165 66 6 145 45 19 134 173 318 139 70 3 21 195 200 bus 
90 41 78 145 55 7 138 48 18 138 161 284 158 67 0 1 192 197 opel
98 48 101 203 65 9 197 33 23 152 216 584 174 68 2 5 189 197 saab
96 46 88 174 68 10 155 43 19 148 173 354 182 69 14 15 194 202 van 
85 43 69 141 62 7 152 44 19 145 178 341 179 84 1 4 181 184 bus 
91 42 66 142 58 9 134 50 18 142 163 268 164 69 6 5 191 197 van 
80 43 68 123 53 7 150 46 19 147 169 327 176 81 7 14 179 184 bus 
93 46 85 169 66 9 151 44 19 147 169 339 179 67 0 4 195 204 van 
93 51 90 209 69 8 183 36 22 156 211 506 230 70 6 1 189 196 saab
96 40 78 170 58 7 174 38 21 139 197 455 160 68 3 29 191 200 saab
85 36 51 115 56 5 119 57 17 124 139 207 127 81 13 5 181 184 van 
