91 44 66 151 63 7 137 48 18 146 166 280 167 72 1 9 188 194 van 
104 55 109 230 67 12 218 30 24 174 230 706 226 67 8 22 191 202 opel
105 50 93 173 54 4 222 30 25 159 254 735 206 83 4 12 186 184 bus 
107 56 105 202 61 11 221 30 25 179 234 725 212 72 15 1 189 196 opel
82 40 73 141 57 8 153 44 19 133 173 342 153 75 11 9 181 187 opel
97 55 104 219 71 9 211 32 24 171 222 658 223 74 1 24 186 196 saab
101 55 101 183 57 13 225 30 25 177 225 741 204 71 5 10 186 198 opel
89 46 78 150 63 11 160 43 20 160 170 367 176 73 5 9 185 194 van 
94 45 89 213 71 5 186 35 22 145 204 533 182 71 4 13 195 198 bus 
86 42 64 122 54 6 148 46 19 143 170 319 171 87 1 3 179 182 bus 
104 55 100 201 66 10 214 31 24 173 224 680 221 74 1 1 185 194 saab
104 54 91 209 67 11 218 31 24 170 223 697 196 74 4 21 187 196 opel
94 46 79 181 62 8 167 40 20 148 190 418 193 67 12 15 191 198 opel
86 38 76 143 59 8 142 47 18 131 167 301 138 71 5 10 189 196 van 
90 48 78 143 60 11 161 43 20 159 172 374 186 75 2 2 184 193 van 
83 46 71 156 70 6 151 44 19 147 174 338 198 80 3 11 181 186 bus 
104 57 103 222 72 12 221 30 25 177 223 718 218 72 11 12 186 195 opel
93 45 81 177 64 7 160 41 20 147 180 383 188 70 11 11 192 199 saab
82 39 86 140 54 7 153 45 19 134 174 338 139 71 11 18 183 189 opel
102 51 108 193 57 10 212 31 24 162 219 663 184 66 7 21 191 201 opel
108 54 109 189 57 11 220 31 25 174 229 709 214 70 12 23 189 201 saab
97 45 76 175 60 9 157 42 20 149 180 370 169 63 16 12 198 206 saab
85 43 66 130 57 6 151 45 19 143 173 333 168 86 4 9 180 183 bus 
102 54 98 177 56 10 219 31 25 171 219 706 223 72 5 17 186 196 opel
106 54 105 164 48 5 247 27 27 165 269 891 243 84 12 1 181 182 bus 
94 45 72 179 69 6 156 41 19 144 181 373 191 69 5 5 193 198 bus 
106 55 98 224 68 11 215 31 24 170 222 679 214 68 2 29 189 201 opel
94 43 82 136 54 10 155 43 19 149 176 359 161 74 1 6 186 197 van 
88 36 53 113 57 3 118 57 17 128 137 204 136 88 7 14 180 183 van 
102 54 98 167 53 10 217 31 24 174 228 692 223 72 0 31 187 198 opel
101 56 100 204 62 12 227 30 25 178 231 757 204 73 0 11 186 197 opel
105 54 96 185 57 10 219 30 25 170 231 706 217 75 5 12 187 195 opel
86 36 66 128 57 8 131 52 18 127 148 252 139 76 5 27 183 187 opel
91 39 72 133 55 7 146 46 19 132 170 314 149 77 9 18 184 189 saab
97 46 94 209 67 10 195 34 22 147 224 573 194 70 0 14 188 197 opel
115 53 100 205 64 11 220 30 25 166 229 710 214 71 21 11 189 199 saab
101 51 112 201 59 11 214 32 24 162 223 667 194 65 0 36 190 206 saab
93 35 78 162 60 8 150 45 19 125 172 331 137 67 2 33 191 198 opel
95 46 92 159 63 11 160 42 20 157 176 372 171 70 7 21 189 200 van 
101 55 105 182 59 10 215 31 24 177 221 678 223 74 12 26 186 195 opel
86 43 70 126 56 6 148 46 19 145 166 317 171 86 6 9 179 182 bus 
88 38 77 156 56 7 163 41 20 129 184 395 140 67 1 9 192 198 opel
103 54 107 189 56 11 223 30 25 174 225 729 200 70 0 29 187 201 opel
95 37 71 171 61 9 157 43 20 134 178 365 125 63 5 40 196 208 saab
89 38 74 138 59 7 136 49 18 133 167 278 128 72 7 7 189 193 van 
76 38 58 125 58 5 133 51 18 127 152 259 145 87 0 21 177 184 opel
92 42 75 172 60 8 147 45 19 142 174 322 160 62 22 10 206 211 opel
107 54 108 228 68 12 218 31 25 170 223 700 224 67 13 25 190 204 saab
85 40 75 137 56 7 152 44 19 134 173 339 160 76 7 16 182 187 saab
88 39 76 155 62 8 137 48 18 137 156 281 124 63 3 6 201 209 van 
89 40 89 174 58 8 177 37 21 133 202 471 155 70 7 18 189 196 saab
93 40 73 139 58 6 136 49 18 138 166 275 137 73 0 0 187 188 van 
89 36 69 162 63 6 140 48 18 131 164 291 126 66 1 38 193 204 saab
90 43 81 231 97 46 150 45 19 149 200 332 164 91 5 9 186 196 van 
105 52 107 207 60 11 218 31 24 167 221 701 197 66 0 20 191 203 opel
92 45 76 162 57 7 159 41 20 147 184 381 177 69 8 10 190 195 saab
97 44 95 202 66 9 188 35 22 144 216 526 175 72 15 11 190 197 saab
109 49 103 186 57 11 206 32 23 156 212 630 186 65 12 21 192 201 opel
95 47 73 195 70 7 167 38 20 152 184 430 185 69 9 19 200 206 bus 
86 43 61 119 53 8 150 46 19 144 169 326 172 85 8 8 179 182 bus 
88 48 90 178 60 8 175 38 21 152 200 460 198 68 13 16 192 199 saab
107 55 103 167 49 7 252 27 28 172 269 904 239 83 5 30 179 186 bus 
104 49 105 209 61 11 207 32 24 157 217 637 168 64 0 19 193 207 saab
89 41 63 134 59 6 123 55 17 137 148 223 150 76 12 3 186 188 van 
90 39 57 114 48 7 135 51 18 139 155 261 151 85 12 8 183 182 van 
98 44 88 176 67 10 158 43 20 149 173 367 154 66 14 9 194 202 van 
102 55 101 213 67 12 222 30 25 177 226 719 213 71 2 21 187 199 saab
86 40 66 139 59 7 122 54 17 139 145 225 143 63 7 11 202 208 van 
101 49 103 212 67 10 201 33 23 156 215 601 174 69 4 11 189 196 opel
109 55 96 191 57 6 241 28 26 170 267 857 242 85 8 9 184 184 bus 
92 45 74 187 74 7 157 41 19 143 179 375 183 70 8 6 195 201 bus 
88 34 58 140 59 6 127 52 18 130 148 243 113 63 4 10 199 206 van 
93 39 86 180 59 9 167 39 20 134 186 418 129 63 6 17 197 204 saab
96 37 74 187 68 8 159 42 20 134 183 378 134 69 3 16 190 197 saab
88 43 70 177 74 19 152 44 19 143 180 342 168 76 1 9 186 189 bus 
88 44 84 135 55 12 155 44 20 158 176 351 164 75 7 11 183 195 van 
92 40 66 111 48 7 139 50 19 140 159 277 148 85 12 19 182 183 van 
88 44 70 151 61 8 143 46 18 143 163 311 173 68 7 8 196 203 bus 
94 39 75 184 72 8 155 42 19 133 175 365 145 70 4 5 192 200 bus 
107 51 103 182 56 11 213 31 24 162 226 673 217 72 2 4 188 198 saab
86 38 58 119 56 4 118 57 17 129 140 208 152 78 9 2 184 186 van 
79 39 72 127 53 9 142 48 19 135 165 295 144 77 7 21 181 189 opel
90 39 89 181 62 8 175 38 21 132 200 458 154 70 11 15 189 195 saab
86 45 66 126 57 8 148 46 19 145 170 321 186 86 0 7 179 182 bus 
113 48 98 208 62 9 203 33 23 151 216 613 183 64 17 29 193 204 saab
87 49 86 190 64 9 177 37 21 153 197 471 209 67 11 7 192 199 opel
108 56 102 246 75 6 239 28 26 167 264 855 228 82 9 13 186 185 bus 
86 40 66 138 59 4 137 49 18 133 162 279 151 74 6 14 186 190 saab
85 43 66 121 54 7 150 46 19 147 169 324 175 87 0 5 179 182 bus 
101 56 101 231 72 10 217 31 24 171 232 698 216 72 2 6 187 197 saab
105 55 96 181 56 9 219 30 25 175 231 713 216 74 4 5 187 194 opel
88 39 88 194 69 8 168 40 20 133 199 416 151 74 3 22 186 192 opel
113 53 93 197 62 11 216 31 24 165 221 688 196 72 6 25 188 199 saab
89 42 75 140 55 6 145 46 19 139 170 312 166 71 15 26 191 198 opel
