104 51 108 193 59 11 217 31 24 163 232 694 203 72 15 22 190 201 saab
87 37 60 132 57 6 128 52 18 129 154 243 132 71 1 14 186 192 saab
82 36 54 117 53 7 125 54 18 126 146 229 128 78 1 5 180 184 saab
105 56 98 209 64 11 217 31 24 173 225 696 216 72 2 19 188 199 opel
80 39 60 122 56 6 139 49 18 131 151 281 142 80 0 5 179 186 opel
106 54 100 227 67 4 250 27 27 162 280 923 262 88 5 11 182 182 bus 
81 46 71 141 61 7 153 44 19 148 177 347 190 80 1 14 182 187 bus 
100 51 109 224 67 9 217 30 24 162 238 704 206 72 6 18 189 199 opel
88 44 71 145 56 8 142 48 19 143 159 296 174 68 7 18 188 197 opel
94 49 87 159 64 10 157 43 20 158 179 363 203 75 4 0 183 194 van 
99 43 89 195 63 8 186 35 22 144 210 521 166 68 6 13 191 199 saab
90 47 85 145 58 9 152 44 19 155 175 345 184 73 4 2 186 197 van 
94 47 85 333 138 49 155 43 19 155 320 354 187 135 12 9 188 196 van 
100 57 107 207 63 11 227 30 25 180 234 756 205 72 6 19 186 198 opel
86 42 65 113 50 8 152 45 19 141 169 332 171 85 4 16 179 183 bus 
91 38 70 160 66 25 140 47 18 139 162 296 130 67 4 11 192 202 van 
93 44 90 166 65 10 153 44 19 156 170 348 143 66 9 17 194 203 van 
86 47 75 165 68 6 154 43 19 146 176 356 190 74 7 3 188 194 bus 
90 49 83 187 63 7 176 37 21 154 205 467 222 70 1 2 189 195 saab
97 37 76 169 60 8 161 41 20 131 189 391 136 72 0 0 188 192 opel
108 57 106 177 51 5 256 26 28 170 285 966 261 87 11 2 182 181 bus 
89 41 75 162 66 5 153 43 19 136 175 352 154 72 2 0 188 195 bus 
98 38 70 186 68 6 164 39 20 136 189 413 129 71 3 17 200 203 bus 
87 42 64 150 64 10 133 50 18 141 157 265 159 67 7 0 193 201 van 
107 53 108 213 64 12 206 32 23 163 216 627 202 65 21 22 194 205 saab
85 37 80 158 59 8 153 44 19 126 179 348 136 69 6 21 191 197 opel
101 52 105 162 53 10 212 31 24 163 226 669 204 74 12 11 186 194 opel
96 39 77 160 62 8 140 47 18 150 161 294 124 62 15 3 201 208 van 
103 48 101 204 62 12 200 33 23 158 215 595 164 66 8 22 192 202 opel
88 40 73 173 68 7 150 44 19 137 174 341 151 69 2 20 196 200 bus 
80 38 64 130 59 8 134 51 18 126 152 259 135 76 1 23 179 188 opel
91 38 75 136 53 6 144 47 19 131 165 305 149 69 1 7 186 191 saab
86 45 71 155 66 7 146 45 19 144 167 322 176 72 5 6 189 196 bus 
86 38 86 175 60 9 170 39 21 134 191 433 138 68 1 28 191 199 saab
89 45 77 188 64 9 161 41 20 151 190 390 174 66 4 2 194 201 saab
78 36 51 116 56 4 120 57 17 124 135 209 135 84 1 12 177 184 opel
80 43 71 133 60 7 150 45 19 146 170 330 176 81 6 15 180 184 bus 
88 36 78 160 62 6 140 48 18 123 161 287 129 66 4 35 194 202 opel
85 45 82 133 56 11 159 43 20 156 170 362 173 76 10 21 183 193 van 
101 53 108 184 54 12 216 31 24 172 220 685 187 68 4 24 190 201 opel
89 44 70 158 64 6 141 47 18 143 164 299 173 66 9 11 193 199 bus 
96 36 74 183 70 6 149 43 19 127 178 341 127 69 0 17 201 205 bus 
87 43 70 169 72 7 152 44 19 145 177 341 171 76 6 12 184 187 bus 
93 34 72 144 56 6 133 50 18 123 158 263 125 63 5 20 200 206 saab
96 39 58 117 51 6 133 52 18 139 154 255 150 86 6 0 181 182 van 
98 48 101 195 61 11 207 31 23 152 227 650 193 71 5 7 189 196 opel
90 34 66 158 59 7 140 47 18 124 165 298 117 61 1 3 201 207 saab
85 45 70 120 54 7 149 45 19 145 169 326 186 81 8 4 181 184 bus 
91 41 93 197 65 9 183 36 21 137 202 504 153 66 11 24 193 200 opel
89 36 69 142 57 7 135 50 18 126 154 266 128 66 3 36 193 203 opel
106 53 98 203 63 11 220 30 25 167 228 710 214 71 10 24 188 197 opel
86 38 89 176 59 9 169 39 20 132 190 428 148 67 7 33 193 202 opel
112 50 104 197 58 11 208 32 24 159 223 639 186 67 15 22 191 202 saab
84 37 70 145 62 9 136 48 18 134 159 280 140 68 11 9 194 202 van 
104 53 108 206 61 11 217 31 24 168 226 694 209 67 0 9 188 201 saab
99 47 91 226 74 5 202 32 23 148 234 629 186 79 4 11 192 191 bus 
84 38 83 141 54 7 149 45 19 132 177 327 149 74 6 29 185 191 saab
85 42 70 130 56 7 150 45 19 145 177 328 172 82 10 14 181 185 bus 
104 51 105 168 54 10 208 32 24 162 220 641 221 72 9 20 187 197 saab
85 37 68 145 60 6 130 51 18 130 150 253 121 65 3 14 195 203 van 
93 42 64 123 51 7 135 51 18 144 164 262 155 78 16 12 185 185 van 
84 40 71 131 55 7 150 45 19 134 167 330 165 80 12 1 180 186 opel
91 49 86 195 63 8 177 37 21 156 203 473 201 67 7 5 192 198 opel
98 47 109 202 59 11 199 34 23 154 207 586 165 61 1 33 194 208 saab
101 51 98 194 60 10 195 34 22 161 219 572 219 67 0 10 192 201 saab
90 47 73 136 58 11 161 42 20 153 172 376 185 77 11 8 183 191 van 
91 36 60 126 56 6 119 56 17 130 139 211 118 67 6 14 192 198 van 
99 50 88 204 64 10 185 35 22 159 209 517 193 66 12 11 194 201 opel
102 53 101 238 72 4 238 28 26 163 267 844 242 85 7 22 184 184 bus 
89 46 74 135 59 9 157 44 20 158 170 356 177 79 12 3 184 191 van 
101 52 101 197 62 9 188 35 22 162 208 527 203 67 14 15 193 202 saab
95 57 104 228 74 10 212 31 24 175 224 670 223 74 0 4 186 193 opel
101 53 91 194 65 6 204 32 23 161 231 636 214 78 5 14 192 192 bus 
91 39 82 164 68 10 143 46 19 137 164 308 158 68 13 9 191 201 van 
91 46 75 185 75 7 154 42 19 147 178 362 192 72 8 8 192 199 bus 
94 37 74 169 59 7 162 41 20 133 178 394 130 63 6 6 198 204 opel
92 38 74 178 62 9 161 41 20 135 181 388 132 63 7 29 197 206 opel
95 43 71 159 64 6 145 45 19 141 169 322 171 67 8 4 195 200 bus 
106 52 101 213 64 11 201 33 23 158 214 607 204 65 2 4 192 204 saab
81 43 68 139 62 7 149 46 19 145 172 323 171 83 1 14 180 184 bus 
92 43 70 124 52 6 139 49 18 144 164 282 172 79 4 16 183 185 van 
83 45 73 161 68 8 142 46 18 144 169 305 179 71 10 3 191 199 van 
103 57 105 221 69 11 218 30 24 173 226 706 250 73 10 2 187 195 opel
98 42 90 192 61 9 178 37 21 144 189 480 138 61 3 8 199 208 saab
90 41 62 147 60 6 128 52 18 141 149 246 157 61 13 4 201 208 van 
106 52 107 211 62 8 200 33 23 161 218 602 200 67 9 17 194 201 opel
97 47 81 183 64 8 168 39 20 150 193 426 182 70 11 2 192 198 opel
85 40 66 121 52 4 152 44 19 133 170 340 163 87 13 3 180 183 opel
100 49 80 206 70 6 183 35 21 156 206 517 198 73 3 13 198 199 bus 
82 43 71 154 68 7 150 45 19 143 171 330 173 78 7 11 181 186 bus 
78 43 70 147 65 8 147 46 19 145 169 319 168 77 1 12 181 186 bus 
96 54 104 175 58 10 215 31 24 175 221 682 222 75 13 23 186 194 opel
105 51 108 201 62 11 220 30 25 163 232 711 202 72 12 16 189 200 saab
92 40 62 144 59 8 127 52 17 139 149 241 150 62 13 1 204 210 van 
