0.9634 0.9374 0.9634 0.9374 0.9273 0.8776 0.9320 0.8849 0.9439 0.9069 0.9455 0.9096 8.3446503e-07 -0.0019334555 0.048542041 0.0077589893  3.7193298e-05 -0.013712525 0.08405254 0.043626149  5.9604645e-08 -0.00053048134 0.062664904 0.0026013836 0. -0.00016641617 0.056472879 0.0011279115  6.5803528e-05 -0.027743936 0.20825407 0.0062473914  7.1048737e-05 -0.033384681 0.21084213 0.0083108059  3.4987926e-05 -0.01812619 0.1887542 0.0045336022  3.5464764e-05 -0.020052791 0.18983476 0.0051347877 
0.9696 0.9459 0.9696 0.9459 0.9328 0.8860 0.9387 0.8954 0.9452 0.9051 0.9477 0.9093 8.9406967e-07 -0.0019705296 0.045527853 0.0079883339  3.606081e-05 -0.013465941 0.082276478 0.043117421  5.9604645e-08 -0.00063145161 0.059564695 0.0031742338  5.9604645e-08 -0.00044506788 0.054523837 0.0021864815  0.00010973215 -0.031559289 0.19662262 0.0075406535  0.00011616945 -0.039533854 0.20046182 0.01012105  5.1021576e-05 -0.02104646 0.18065704 0.0051985013  5.2154064e-05 -0.023935854 0.18213236 0.0059893126 
0.9641 0.9377 0.9641 0.9377 0.9293 0.8829 0.9330 0.8885 0.9437 0.9043 0.9464 0.9083 7.7486038e-07 -0.00186342 0.048531979 0.0074261976  3.606081e-05 -0.01344943 0.083362043 0.04303631  5.9604645e-08 -0.00047141314 0.061162595 0.0024151136  5.9604645e-08 -0.00045233965 0.055185534 0.0021812712  9.6201897e-05 -0.02693814 0.20239697 0.0068593276  9.9420547e-05 -0.031623363 0.20446269 0.0080362113  4.3094158e-05 -0.018862367 0.18475813 0.0046777754  4.3809414e-05 -0.022016644 0.18660705 0.0054860321 
0.9617 0.9345 0.9617 0.9345 0.9280 0.8802 0.9328 0.8886 0.9445 0.9062 0.9462 0.9080 9.5367432e-07 -0.0020174384 0.048601434 0.0081859972  3.7550926e-05 -0.013696432 0.084036671 0.043880059  5.9604645e-08 -0.00043535233 0.062850341 0.0022585834 0. -0.00032973289 0.056151669 0.0017018788  5.9306622e-05 -0.024183869 0.20821594 0.0055594276  6.2167645e-05 -0.030776978 0.21186419 0.0077633706  3.4928322e-05 -0.021261871 0.18848218 0.005454166  3.4511089e-05 -0.022324502 0.19041048 0.0058845241 
0.9684 0.9445 0.9684 0.9445 0.9317 0.8845 0.9370 0.8927 0.9487 0.9127 0.9527 0.9187 7.7486038e-07 -0.0018837452 0.046995778 0.00754115  3.6001205e-05 -0.013469875 0.083050556 0.043029901  5.9604645e-08 -0.00048208237 0.06062527 0.0026599912 0. -0.00033533573 0.053526919 0.00174244  9.6857548e-05 -0.031610906 0.20058446 0.0075465042  0.00010234118 -0.038221896 0.20419769 0.0099326219  4.8696995e-05 -0.024585664 0.18039288 0.0065302514  5.209446e-05 -0.029609203 0.18253416 0.0087437995 
0.9617 0.9342 0.9617 0.9342 0.9238 0.8732 0.9292 0.8812 0.9444 0.9064 0.9465 0.9094 8.3446503e-07 -0.001929462 0.050380584 0.0078021707  3.7074089e-05 -0.013693213 0.084734164 0.043550776 0. -0.00036239624 0.063704416 0.0019305291 0. -0.00033921003 0.055807173 0.0016235048  4.607439e-05 -0.019686699 0.21051812 0.0045830201  4.8756599e-05 -0.026624858 0.21364208 0.0063342256  2.3901463e-05 -0.01774776 0.18839738 0.0038986996  2.425909e-05 -0.020352364 0.19032827 0.0048462101 
0.9674 0.9432 0.9674 0.9432 0.9313 0.8833 0.9372 0.8927 0.9442 0.9052 0.9467 0.9089 8.9406967e-07 -0.002010107 0.046968836 0.0081001334  3.7252903e-05 -0.013669372 0.083466306 0.043742839  5.9604645e-08 -0.00055199862 0.060490109 0.0028884162  5.9604645e-08 -0.00040233135 0.055002768 0.0019299734  9.0658665e-05 -0.029161394 0.20101 0.007078904  9.4592571e-05 -0.036870599 0.20542465 0.0097953296  3.5524368e-05 -0.01622051 0.18442357 0.0041887268  3.6299229e-05 -0.019132435 0.18540202 0.004861783 
0.9626 0.9353 0.9626 0.9353 0.9285 0.8795 0.9330 0.8871 0.9382 0.8960 0.9415 0.9006 6.5565109e-07 -0.001713872 0.050071582 0.0068711954  3.5881996e-05 -0.01339525 0.084356949 0.042885027  5.9604645e-08 -0.00060755014 0.062619217 0.0030990815 0. -0.00029295683 0.057306778 0.0015955324  8.7022781e-05 -0.030759454 0.20761867 0.0069695483  9.0718269e-05 -0.036440492 0.21068172 0.0089006555  3.2007694e-05 -0.014725864 0.19118336 0.0038668339  3.2901764e-05 -0.018673122 0.19323394 0.0046440245 
0.9619 0.9356 0.9619 0.9356 0.9287 0.8805 0.9340 0.8903 0.9437 0.9058 0.9462 0.9098 9.5367432e-07 -0.0020211339 0.048426613 0.0081480347  3.7491322e-05 -0.013697505 0.083909407 0.043854812  5.9604645e-08 -0.0005863905 0.061423924 0.0029935717 0. -0.00034034252 0.055896997 0.0018154027  9.2148781e-05 -0.029718816 0.20336169 0.0067684431  9.6976757e-05 -0.036711931 0.20687617 0.0088677482  3.7193298e-05 -0.022127032 0.18861698 0.0052910386  3.7908554e-05 -0.025011837 0.19089171 0.0064514226 
0.9622 0.9351 0.9622 0.9351 0.9263 0.8782 0.9302 0.8844 0.9474 0.9109 0.9492 0.9132 8.3446503e-07 -0.0019296408 0.04886128 0.0077357614  3.6895275e-05 -0.01365149 0.083955579 0.043414213  5.9604645e-08 -0.00038993359 0.062971018 0.0021492867 0.  -0.0002925396 0.054577194 0.0015579287  6.4611435e-05 -0.022688687 0.20534858 0.0053948594  6.6161156e-05 -0.027338922 0.20789187 0.0060628748  3.5047531e-05 -0.018447042 0.18155143 0.0044433898  3.5405159e-05 -0.020197272 0.18327217 0.0049469676 
