0.9948 0.9857 0.9948 0.9857 0.9906 0.9748 0.9909 0.9754 0.9936 0.9831 0.9936 0.9831 1.847744e-06 -0.0022096038 0.029990099 0.0011814904  6.6161156e-06 -0.0040953755 0.036643025 0.002233323  3.5762787e-07 -0.00092917681 0.03715416 0.00054994766  6.5565109e-07 -0.0012642145 0.031875905 0.00074647487  5.6624413e-06 -0.0089104772 0.08098188 0.0034225414  5.6624413e-06 -0.0092761517 0.081370734 0.0036081998  9.4175339e-06 -0.013301373 0.069259867 0.0050939077  9.4175339e-06 -0.013301373 0.069259867 0.0050939082 
0.9948 0.9856 0.9948 0.9856 0.9888 0.9694 0.9894 0.9708 0.9903 0.9729 0.9903 0.9727 1.4901161e-06 -0.0019331574 0.031941745 0.0010841474  5.6028366e-06 -0.0036674142 0.038359575 0.0020657447  2.3841858e-07 -0.0006750226 0.041439526 0.00044544227  4.7683716e-07 -0.0010202527 0.037396561 0.00064566079  3.6358833e-06 -0.0074938536 0.089127034 0.002944699  3.695488e-06 -0.0082962513 0.089703746 0.0033636889  4.8279762e-06 -0.0077741742 0.083594099 0.0028776762  4.8279762e-06 -0.0077245235 0.083119445 0.0028534489 
0.9957 0.9880 0.9957 0.9880 0.9897 0.9724 0.9906 0.9742 0.9912 0.9757 0.9915 0.9764 1.5497208e-06 -0.0019885898 0.02949518 0.0010960102  5.364418e-06 -0.0036281943 0.036259368 0.0020218725  2.9802322e-07 -0.00083261728 0.037445322 0.00052419591  5.9604645e-07 -0.0011062622 0.035000242 0.00070189334  6.0796738e-06 -0.008407414 0.079823941 0.0033048937  6.1392784e-06 -0.0097024441 0.08064197 0.003960911  7.0929527e-06 -0.0099380016 0.072723672 0.003605256  7.1525574e-06 -0.010314107 0.073186815 0.0037926256 
0.9936 0.9819 0.9936 0.9819 0.9888 0.9706 0.9891 0.9712 0.9906 0.9742 0.9906 0.9742 1.4901161e-06 -0.001996696 0.034543842 0.0010815131  5.9604645e-06 -0.0038428903 0.039824337 0.0021219685  1.1920929e-07 -0.00053811073 0.041944835 0.00030431571  5.9604645e-07 -0.001119554 0.038272593 0.00069753618  2.6226044e-06 -0.0075762868 0.090384036 0.0025931067  2.6226044e-06 -0.007977128 0.090627238 0.0028033573  7.9274178e-06 -0.012122512 0.081977099 0.0045762713  7.9274178e-06 -0.012122512 0.081977107 0.0045762708 
0.9930 0.9810 0.9930 0.9810 0.9900 0.9724 0.9906 0.9739 0.9930 0.9809 0.9927 0.9800 1.4305115e-06 -0.0019341707 0.032801911 0.0010605254  5.0663948e-06 -0.0035024881 0.037793264 0.0019565678  3.5762787e-07 -0.00085520744 0.038325131 0.00052332151  3.5762787e-07 -0.00089323521 0.035066459 0.00056125324  7.5101852e-06 -0.011180758 0.081295423 0.0042066043  7.5101852e-06 -0.012009561 0.082158498 0.0046377475  6.1392784e-06 -0.010034978 0.075853661 0.0040631344  6.1392784e-06 -0.0095041394 0.075347014 0.0037883258 
0.9961 0.9892 0.9961 0.9892 0.9924 0.9796 0.9927 0.9801 0.9945 0.9849 0.9945 0.9849 1.2516975e-06 -0.0017770529 0.028406186 0.00098748263  4.529953e-06 -0.0033388734 0.034199771 0.0018611297  3.5762787e-07 -0.00077527761 0.035524268 0.00057356956  5.364418e-07 -0.00097084045 0.031506263 0.00068408422  4.7683716e-06 -0.010046542 0.078344889 0.0044628534  4.7683716e-06 -0.010486841 0.078700118 0.0047020594  5.9008598e-06 -0.011677802 0.06974753 0.0053338791  5.9008598e-06 -0.011629581 0.069679402 0.0053074827 
0.9951 0.9867 0.9951 0.9867 0.9897 0.9717 0.9906 0.9738 0.9933 0.9822 0.9936 0.9828 1.013279e-06 -0.0016356111 0.031570219 0.00089087632  3.7550926e-06 -0.003057301 0.036201712 0.0016924897  1.7881393e-07 -0.00057715178 0.040344451 0.00037687908  4.7683716e-07 -0.0009329915 0.033181995 0.00063453621  2.7418137e-06 -0.0068606734 0.08823508 0.0029019381  2.8014183e-06 -0.0081946254 0.088608906 0.0036203185  4.8875809e-06 -0.0096511245 0.073065303 0.0041669101  4.8875809e-06 -0.010052681 0.073340788 0.004382656 
0.9930 0.9806 0.9930 0.9806 0.9897 0.9715 0.9897 0.9715 0.9903 0.9744 0.9906 0.9749 1.4901161e-06 -0.0019697547 0.033555083 0.0010847748  5.9604645e-06 -0.0038446188 0.039250493 0.0021317692  1.7881393e-07 -0.00057411194 0.042536139 0.00042777606  1.7881393e-07 -0.00052040815 0.040059023 0.00042405088  3.9339066e-06 -0.0084774494 0.091737978 0.0038754107  3.9339066e-06 -0.0084468722 0.091702521 0.0038589262  4.1127205e-06 -0.007404983 0.083716065 0.0028571179  4.1127205e-06 -0.0078389645 0.084170938 0.0030767669 
0.9976 0.9930 0.9976 0.9930 0.9930 0.9801 0.9933 0.9810 0.9933 0.9815 0.9939 0.9835 1.9669533e-06 -0.002281487 0.026675751 0.0012403866  6.9141388e-06 -0.0041595101 0.034451984 0.0022829778  6.5565109e-07 -0.001229167 0.033916757 0.00071891397  9.5367432e-07 -0.0014762282 0.032977823 0.00089108274  9.894371e-06 -0.014196336 0.073639512 0.0056441056  9.894371e-06 -0.014635384 0.073760428 0.0058779942  1.2218952e-05 -0.015770137 0.07295385 0.0062714094  1.2278557e-05 -0.016641676 0.073367126 0.0067366882 
0.9957 0.9878 0.9957 0.9878 0.9894 0.9709 0.9903 0.9732 0.9936 0.9825 0.9936 0.9824 1.847744e-06 -0.0022096634 0.032142263 0.0012043219  7.2717667e-06 -0.0042516589 0.039892163 0.0023487267  2.9802322e-07 -0.00081509352 0.040645964 0.00048329411  4.1723251e-07 -0.0009354949 0.032438941 0.00061470469  5.7220459e-06 -0.0097188354 0.086844392 0.003712556  5.7220459e-06 -0.010952234 0.087664656 0.0043598767  7.212162e-06 -0.011290848 0.067992225 0.0044899364  7.212162e-06 -0.011284411 0.068014637 0.0044865271 
