0.9159 0.7983 0.9159 0.7983 0.9149 0.7927 0.9128 0.7881 0.9149 0.7962 0.9170 0.8004 1.7881393e-07 1.1205673e-05 0.14707771 0.00048629759  3.516674e-06 -0.0032123327 0.14811066 0.0017621274  5.9604645e-07 -0.00099730492 0.14931329 0.00071044381  1.013279e-06 -0.0014961362 0.14637749 0.00095122193  2.3365021e-05 -0.012405396 0.25224721 0.0044662172  2.3007393e-05 -0.0079080462 0.25145632 0.0032434254  1.3589859e-05 -0.005982995 0.24740094 0.0027773669  1.3947487e-05 -0.0090177655 0.24783124 0.0038631995 
0.9206 0.8096 0.9206 0.8096 0.9102 0.7885 0.9113 0.7884 0.9128 0.7948 0.9149 0.7989 4.7683716e-07 -0.0017594695 0.14023313 0.00070207579  4.8279762e-06 -0.0045188069 0.14161468 0.0020805823  1.9669533e-06 -0.0029073358 0.1452698 0.0013158205  3.0994415e-06 -0.0036240816 0.14649762 0.001670198  2.2113323e-05 -0.00088441372 0.24423601 0.007326113  2.1517277e-05 -0.0022976995 0.24437214 0.0066082673  1.1622906e-05 -0.017466545 0.246701 0.0023137033  1.180172e-05 -0.01921469 0.24737725 0.00271468 
0.9149 0.8050 0.9149 0.8050 0.9144 0.8016 0.9128 0.7968 0.9076 0.7900 0.9097 0.7956 2.0861626e-06 -0.0025634766 0.1445145 0.0013460802  1.180172e-05 -0.0058953762 0.14529397 0.003210773  2.4437904e-06 -0.0027011037 0.14870505 0.0015207356  2.0265579e-06 -0.0019472241 0.14771952 0.0014747852  1.9073486e-05 -0.016906321 0.25084689 0.00316076  1.9133091e-05 -0.013338029 0.25062397 0.0029596391  5.5611134e-05 -0.0079069734 0.2454637 0.006108026  5.4895878e-05 -0.010532916 0.24607685 0.0053596241 
0.9248 0.8204 0.9248 0.8204 0.9128 0.7930 0.9159 0.7990 0.9190 0.8106 0.9248 0.8233 1.1324883e-06 -0.0023771524 0.13747451 0.0010138495  8.3446503e-06 -0.0054494739 0.13882102 0.0027074596  4.7683716e-07 -0.00093126297 0.14523961 0.0006650395  1.1324883e-06 -0.0016836524 0.14044012 0.0010450543  2.4497509e-05 -0.00042194128 0.24141015 0.0052833165  2.3841858e-05 -0.0045443177 0.24273194 0.0037408094  2.4855137e-05 -0.0091555715 0.23329565 0.003338194  2.604723e-05 -0.017397285 0.23562732 0.0056559984 
0.9170 0.8107 0.9170 0.8107 0.9087 0.7934 0.9097 0.7944 0.9076 0.7922 0.9118 0.8004 2.2053719e-06 -0.0030714273 0.13972856 0.0014121898  1.1086464e-05 -0.0062624216 0.14077814 0.0031217875  2.2053719e-06 -0.003410995 0.14663905 0.0013940334  3.2186508e-06 -0.0030305982 0.1448627 0.0017059131  2.425909e-05 -0.0034972429 0.24474753 0.0066816185  2.3603439e-05 -0.004535675 0.24520269 0.0061726669  2.4855137e-05 0.0026613474 0.2403699 0.0074343089  2.270937e-05 -0.002936244 0.24239849 0.0047689145 
0.9149 0.8051 0.9149 0.8051 0.9092 0.7884 0.9092 0.7888 0.9123 0.7955 0.9123 0.7958 1.7881393e-07 -0.00061196089 0.14593121 0.00051083465  3.3974648e-06 -0.0034716129 0.14701439 0.0017635534  9.5367432e-07 -0.00099664927 0.15263969 0.00092364909  2.9802322e-07 -0.00023144484 0.14933464 0.00051257705  2.7418137e-05 -0.0094975829 0.25610608 0.0036772627  2.7358532e-05 -0.0094258189 0.25622132 0.0036630998  5.1259995e-06 -0.0051578283 0.2516014 0.0017318879  5.1259995e-06 -0.0049575567 0.25150931 0.0016793742 
0.9107 0.7905 0.9107 0.7905 0.9123 0.7895 0.9123 0.7896 0.9076 0.7827 0.9102 0.7863 2.9802322e-07 -0.00018942356 0.14778374 0.00067719592  3.516674e-06 -0.0030916929 0.14858928 0.0018037102  5.9604645e-07 -0.00089073181 0.15163535 0.00073335435  1.1324883e-06 -0.0010709167 0.1504287 0.00099563028  2.9504299e-05 -0.004186213 0.25763822 0.0038301144  2.9325485e-05 -0.0034272075 0.25792396 0.0037074387  1.3113022e-05 0.0039755106 0.25307477 0.003309347  1.2934208e-05 0.00045907497 0.25408253 0.0024197655 
0.9149 0.8066 0.9149 0.8066 0.9087 0.7933 0.9097 0.7955 0.9123 0.7985 0.9133 0.8008 2.3841858e-07 -0.0011659861 0.14653245 0.00053012327  5.3048134e-06 -0.0042979121 0.14773026 0.0021732879  6.5565109e-07 0.00024163723 0.15098661 0.00075110481  2.9802322e-07 -0.00035953522 0.15087828 0.00057465077  1.7344952e-05 -0.00094640255 0.2537511 0.0031609085  1.7821789e-05 -0.002158761 0.2545059 0.0029181118  2.0205975e-05 -0.010274053 0.25355136 0.0049275357  1.9729137e-05 -0.011002958 0.25456467 0.0052594657 
0.9227 0.8158 0.9227 0.8158 0.9227 0.8119 0.9242 0.8162 0.9196 0.8097 0.9211 0.8123 8.3446503e-07 -0.00172925 0.14156643 0.00086621842  6.6757202e-06 -0.004483819 0.14272712 0.0024193882  1.0728836e-06 -0.0013945103 0.14612608 0.0010127655  1.1920929e-06 -0.0016750097 0.14481384 0.0011490349  3.0219555e-05 -0.024250984 0.24843672 0.0088439392  3.0338764e-05 -0.025771558 0.24882287 0.0096182171  2.4676323e-05 -0.019018531 0.24190195 0.0056715484  2.6643276e-05 -0.020925939 0.24196681 0.006575415 
0.9253 0.8236 0.9253 0.8236 0.9190 0.8092 0.9211 0.8138 0.9196 0.8142 0.9227 0.8215 4.0531158e-06 -0.0042905807 0.13536538 0.0018849262  1.502037e-05 -0.0075325966 0.13711877 0.0036159634  9.4771385e-06 -0.0062749982 0.14119722 0.002879371  9.6559525e-06 -0.0058348775 0.13940167 0.002948346  6.1333179e-05 -0.030012429 0.23744746 0.0051737254  6.1392784e-05 -0.032523274 0.23849446 0.0055303784  6.7949295e-05 -0.028224885 0.23317052 0.0057946885  6.9439411e-05 -0.032484591 0.2344338 0.007003244 
