0.9538 0.9091 0.9538 0.9091 0.9509 0.8998 0.9524 0.9035 0.9509 0.9058 0.9524 0.9100 1.4483929e-05 -0.0066776872 0.09875001 0.0034193319  2.7239323e-05 -0.0090435147 0.10053556 0.0046701135  2.3841858e-06 -0.0028112531 0.10349656 0.001407211  5.4240227e-06 -0.0042236447 0.10288343 0.0020909409  1.0609627e-05 -0.014742076 0.19185995 0.003167372  1.0848045e-05 -0.016311944 0.19275802 0.0038590147  4.1007996e-05 -0.020640552 0.18414715 0.0054801013  4.1127205e-05 -0.022460163 0.18549789 0.0061655815 
0.9582 0.9171 0.9582 0.9171 0.9567 0.9046 0.9553 0.9029 0.9495 0.9045 0.9509 0.9052 9.7155571e-06 -0.0056604147 0.092666976 0.0027978414  2.0086765e-05 -0.0079834461 0.094506793 0.0040020207  4.4107437e-06 -0.0031330585 0.097659312 0.0019348203  1.2755394e-05 -0.005789876 0.099712096 0.0032332697  3.3855438e-05 -0.01697731 0.17496721 0.0054529058  3.361702e-05 -0.014568746 0.17449379 0.0046209545  5.286932e-05 -0.017856479 0.17546391 0.0049821115  5.3465366e-05 -0.019021988 0.17674264 0.005020487 
0.9668 0.9272 0.9668 0.9272 0.9625 0.9161 0.9625 0.9162 0.9423 0.8816 0.9452 0.8863 2.0384789e-05 -0.0076489449 0.091421306 0.0040802395  3.9935112e-05 -0.010667622 0.093880072 0.0056660742  1.6152859e-05 -0.0060684085 0.095294915 0.0037325318  2.0205975e-05 -0.0069041252 0.10282631 0.0041336086  0.00018405914 -0.047986388 0.17382963 0.016512536  0.00018435717 -0.047754586 0.1734536 0.016401425  8.5830688e-05 -0.022656858 0.17429663 0.0066057146  8.6843967e-05 -0.025652111 0.1762187 0.0063520854 
0.9538 0.9049 0.9538 0.9049 0.9596 0.9116 0.9596 0.9116 0.9408 0.8803 0.9437 0.8886 1.2874603e-05 -0.0061880946 0.094771251 0.003221069  2.4080276e-05 -0.0084284544 0.096669242 0.004386691  7.8678131e-06 -0.0048118234 0.092315704 0.0025573806  1.5079975e-05 -0.0065557361 0.10375591 0.0035015202  6.3061714e-05 -0.027345479 0.16892229 0.0074836235  6.3061714e-05 -0.027345479 0.16892229 0.0074836235  6.4194202e-05 -0.018539488 0.18247606 0.0067011153  6.3657761e-05 -0.022158623 0.18484783 0.0057328442 
0.9697 0.9327 0.9697 0.9327 0.9668 0.9197 0.9683 0.9246 0.9625 0.9208 0.9654 0.9250 1.4483929e-05 -0.0068882704 0.084173322 0.0034129718  2.9563904e-05 -0.0096479058 0.086642273 0.00484992  6.2584877e-06 -0.0045298338 0.085593864 0.0023071752  1.2516975e-05 -0.0060470104 0.086779982 0.0032281018  8.2314014e-05 -0.037261724 0.1489327 0.010125804  8.0943108e-05 -0.039071798 0.15118298 0.010965869  8.0764294e-05 -0.033616781 0.15029976 0.0085023772  8.5830688e-05 -0.037131846 0.15227444 0.010025152 
0.9610 0.9242 0.9610 0.9242 0.9553 0.9119 0.9567 0.9152 0.9582 0.9155 0.9610 0.9235 6.9737434e-06 -0.0048626065 0.091763973 0.0023749535  1.8179417e-05 -0.0074735284 0.093808152 0.0038166914  2.0265579e-06 -0.0021616817 0.098360568 0.0013637305  5.1856041e-06 -0.0039533377 0.0952553 0.0020543147  1.0550022e-05 -0.011125565 0.17379227 0.0025115783  1.0609627e-05 -0.012778103 0.17510639 0.0030619128  1.5974045e-05 -0.016279638 0.17415525 0.0033861545  1.6272068e-05 -0.020030856 0.17709751 0.0049626068 
0.9654 0.9265 0.9654 0.9265 0.9582 0.9103 0.9567 0.9073 0.9567 0.9027 0.9596 0.9095 7.1525574e-06 -0.0050429702 0.08606638 0.0024006146  1.7285347e-05 -0.0074412823 0.08912605 0.0037166854  6.4969063e-06 -0.0041903853 0.091563299 0.0023524535  1.0251999e-05 -0.0054219365 0.091995038 0.0029235695  3.9637089e-05 -0.019224524 0.16580901 0.0044433772  3.9637089e-05 -0.016887367 0.16480544 0.0043440528  4.0888786e-05 -0.022430956 0.15955967 0.0047319937  4.3034554e-05 -0.02588892 0.16191699 0.0058065816 
0.9625 0.9139 0.9625 0.9139 0.9610 0.9115 0.9582 0.9067 0.9481 0.8993 0.9495 0.9010 6.0200691e-06 -0.0043700337 0.095504247 0.0022166227  1.7344952e-05 -0.0072635412 0.098130025 0.0037320818  6.6757202e-06 -0.003999114 0.097999819 0.0023619179  1.847744e-06 -0.0021632314 0.10280198 0.0012365832  4.8339367e-05 -0.029932201 0.17658691 0.011706542  4.196167e-05 -0.023645461 0.17621909 0.0084910502  6.5803528e-05 -0.019391537 0.17099261 0.0055615782  6.5386295e-05 -0.020653546 0.17281656 0.0055436523 
0.9683 0.9305 0.9683 0.9305 0.9625 0.9155 0.9654 0.9236 0.9538 0.9005 0.9538 0.9000 9.2983246e-06 -0.0055266619 0.086594433 0.0027365527  1.9729137e-05 -0.007760644 0.089920335 0.0039753922  7.9870224e-06 -0.0046368837 0.08770664 0.0025779924  7.9274178e-06 -0.0048092008 0.096308313 0.0025408696  6.0260296e-05 -0.026349127 0.16107839 0.0074581788  6.1392784e-05 -0.030394793 0.1622633 0.0092386698  2.7000904e-05 -0.020920217 0.16699751 0.0037931867  2.6583672e-05 -0.020596921 0.16788194 0.0037133524 
0.9654 0.9264 0.9654 0.9264 0.9495 0.8982 0.9466 0.8929 0.9466 0.8887 0.9509 0.8910 1.2099743e-05 -0.0063410401 0.090694882 0.0031170635  2.9683113e-05 -0.0095354915 0.094669446 0.004863638  1.1920929e-07 -9.7811222e-05 0.10679759 0.00043345204  2.3841858e-06 -0.0025129318 0.10241854 0.0014015016  6.377697e-06 -0.007163465 0.18862371 0.0018117022  6.4969063e-06 -0.0023329854 0.18737592 0.0028495263  3.8087368e-05 -0.0072817802 0.17492662 0.004711525  3.8504601e-05 -0.013072371 0.1784976 0.0044199592 
