0.9951 0.9524 0.9951 0.9524 0.9933 0.9406 0.9933 0.9406 0.9943 0.9464 0.9943 0.9464 1.1920929e-07 0.00040733814 0.032028068 0.0011328367  5.9604645e-08 0.00024950504 0.032146469 0.00075643159  2.3841858e-07 0.00075924397 0.04073206 0.0016323226  2.3841858e-07 0.00069355965 0.036920294 0.0016919922  2.9802322e-07 0.0052429438 0.073573604 0.0028308712  2.9802322e-07 0.0052429438 0.073573604 0.0028308752  1.7881393e-07 0.0039819479 0.065069824 0.0019911203  1.7881393e-07 0.0039819479 0.065069824 0.0019911175 
0.9948 0.9512 0.9948 0.9512 0.9924 0.9340 0.9924 0.9337 0.9938 0.9438 0.9937 0.9428 1.7881393e-07 0.00060737133 0.034037694 0.0015666675  1.1920929e-07 0.00045514107 0.034340017 0.001262231  4.1723251e-07 0.00096607208 0.043001909 0.0022755417  2.9802322e-07 0.00088608265 0.039581243 0.0018865783  5.9604645e-07 0.0068664551 0.078155071 0.0037807095  5.9604645e-07 0.0069541931 0.078149661 0.0038310566  3.5762787e-07 0.0051131248 0.071678892 0.0019393771  3.5762787e-07 0.0053164959 0.071626037 0.0020546401 
0.9952 0.9544 0.9952 0.9544 0.9926 0.9345 0.9926 0.9345 0.9941 0.9462 0.9941 0.9457 1.1920929e-07 0.00048577785 0.033056017 0.0012808438  5.9604645e-08 0.00031018257 0.033468265 0.00087935781  4.7683716e-07 0.0010385513 0.042563677 0.0024435213  2.9802322e-07 0.00081658363 0.037882097 0.0018496986  7.1525574e-07 0.0069966316 0.076892011 0.0039041113  7.1525574e-07 0.0069966316 0.076892011 0.0039040934  2.9802322e-07 0.0046231747 0.067878887 0.0020029622  2.9802322e-07 0.0047152042 0.067826323 0.0020552697 
0.9954 0.9566 0.9954 0.9566 0.9934 0.9413 0.9934 0.9415 0.9944 0.9487 0.9945 0.9493 5.9604645e-08 0.00035464764 0.031204423 0.00092822023 0. 0.00019490719 0.031558264 0.00058374507  2.9802322e-07 0.00080478191 0.039402638 0.0018026849  2.3841858e-07 0.0007686615 0.037185322 0.0017456055  2.9802322e-07 0.0053515434 0.070290089 0.0028507901  2.9802322e-07 0.0053544044 0.070302941 0.002852481  1.7881393e-07 0.0035719872 0.065477528 0.001516306  1.7881393e-07 0.0034960508 0.065551445 0.0014732429 
0.9950 0.9533 0.9950 0.9533 0.9930 0.9383 0.9929 0.9377 0.9946 0.9502 0.9946 0.9502 1.7881393e-07 0.0005364418 0.033879302 0.0014078986  1.1920929e-07 0.00038146973 0.033639405 0.0010957901  2.9802322e-07 0.00086665154 0.041169845 0.0018579404  5.9604645e-08 0.00057768822 0.0362521 0.0010044616  4.1723251e-07 0.005867362 0.074416198 0.0030055356  4.1723251e-07 0.0059586763 0.074379131 0.0030578079  1.7881393e-07 0.0029532909 0.064057745 0.0015689852  1.7881393e-07 0.0029531717 0.064057745 0.0015690242 
0.9941 0.9459 0.9941 0.9459 0.9924 0.9349 0.9924 0.9345 0.9937 0.9438 0.9937 0.9438 2.9802322e-07 0.00070858002 0.036666926 0.0018281274  1.7881393e-07 0.00055730343 0.036498852 0.0015180019  3.5762787e-07 0.0010280609 0.043385919 0.0021428938  2.3841858e-07 0.00069963932 0.038502518 0.0016195181  6.5565109e-07 0.0069447756 0.078753486 0.0035518519  6.5565109e-07 0.0070375204 0.078727499 0.0036049173  2.3841858e-07 0.0050452948 0.069091082 0.0025556534  2.3841858e-07 0.0050451756 0.069091082 0.0025556441 
0.9948 0.9501 0.9948 0.9501 0.9925 0.9347 0.9925 0.9343 0.9938 0.9436 0.9938 0.9433 5.9604645e-08 0.00039219856 0.03324835 0.0010189398  5.9604645e-08 0.00023329258 0.033373695 0.00070180832  2.9802322e-07 0.00094759464 0.042283975 0.0019774468  2.3841858e-07 0.00075876713 0.038450286 0.0017090677  5.364418e-07 0.0071246624 0.077191532 0.003834187  5.364418e-07 0.0072122812 0.077184141 0.0038845519  2.3841858e-07 0.0054866076 0.069574147 0.0026620754  2.3841858e-07 0.0055781603 0.069476873 0.0027145963 
0.9957 0.9590 0.9957 0.9590 0.9930 0.9400 0.9930 0.9396 0.9944 0.9500 0.9944 0.9497 5.9604645e-08 0.00029301643 0.029815266 0.00082577667 0. 9.6678734e-05 0.029918237 0.00034424222  2.3841858e-07 0.00082981586 0.040806044 0.0016940839  1.1920929e-07 0.00047528744 0.034611121 0.0011658583  2.9802322e-07 0.00583148 0.072882205 0.003082192  2.9802322e-07 0.0058361292 0.072897315 0.0030848034  1.1920929e-07 0.0035444498 0.060033791 0.0018519838  1.1920929e-07 0.0035785437 0.06015797 0.0018715694 
0.9949 0.9518 0.9949 0.9518 0.9928 0.9361 0.9928 0.9361 0.9944 0.9487 0.9943 0.9476 2.3841858e-07 0.00065720081 0.034344774 0.0017322861  1.7881393e-07 0.00052666664 0.034437276 0.0014337176  2.9802322e-07 0.00080275536 0.041185062 0.0018913815  2.9802322e-07 0.00082206726 0.037439924 0.0019074511  3.5762787e-07 0.0062333345 0.074255034 0.0033264433  3.5762787e-07 0.0062334538 0.074255034 0.0033264422  1.7881393e-07 0.0043445826 0.066885285 0.0018006124  1.7881393e-07 0.004545331 0.066916421 0.0019150944 
0.9960 0.9640 0.9960 0.9640 0.9925 0.9365 0.9925 0.9365 0.9948 0.9519 0.9947 0.9508 1.1920929e-07 0.00042176247 0.030716039 0.0010753279  5.9604645e-08 0.00025808811 0.031208344 0.00071710347  4.1723251e-07 0.00099909306 0.043057263 0.0022903477  1.1920929e-07 0.00049042702 0.034722093 0.0011786947  4.7683716e-07 0.0061686039 0.077111788 0.0032642481  4.7683716e-07 0.0061687231 0.077111788 0.0032642302  1.1920929e-07 0.0029572248 0.06167442 0.0013921505  1.1920929e-07 0.0031346083 0.061583724 0.00149361 
