0.9713 0.9271 0.9713 0.9271 0.9583 0.9035 0.9608 0.9075 0.9655 0.9146 0.9673 0.9189 7.7486038e-07 -0.0015209317 0.066806369 0.00075868541  4.4703484e-06 -0.0034161806 0.068610482 0.0018318473  1.1920929e-07 -0.00037801266 0.07634306 0.00035184811  1.1920929e-07 -0.00045788288 0.07070528 0.00031377819  7.7486038e-06 -0.0018367767 0.15619124 0.0026149271  7.6293945e-06 -0.005202353 0.15776837 0.0019246273  5.9008598e-06 -0.0038997531 0.14519964 0.0018797203  5.9008598e-06 -0.0063160062 0.14780188 0.0017966806 
0.9759 0.9376 0.9759 0.9376 0.9709 0.9288 0.9716 0.9306 0.9705 0.9262 0.9713 0.9273 8.9406967e-07 -0.0016514063 0.061392032 0.00081928034  4.4703484e-06 -0.0034501553 0.063056938 0.001826762  8.3446503e-07 -0.0014480352 0.066937409 0.00084747457  4.7683716e-07 -0.0011227131 0.065950155 0.00065088308  1.6629696e-05 -0.014972329 0.14211352 0.0044027056  1.6748905e-05 -0.015823364 0.14279073 0.0047892929  1.6212463e-05 -0.011795461 0.13676649 0.0034408113  1.6212463e-05 -0.012137353 0.13824563 0.0035592869 
0.9716 0.9264 0.9716 0.9264 0.9605 0.9040 0.9634 0.9102 0.9648 0.9137 0.9652 0.9131 1.2516975e-06 -0.0018552542 0.065101258 0.00097715199  5.6028366e-06 -0.0037774444 0.067107536 0.002054671  5.9604645e-07 -0.0012322068 0.073589034 0.00073140224  4.1723251e-07 -0.0010492206 0.069453694 0.000616048  1.2695789e-05 -0.0089982748 0.15042861 0.0024784961  1.2993813e-05 -0.012733579 0.15316971 0.0033992874  6.6757202e-06 -0.0046088696 0.14573976 0.0020909763  6.6757202e-06 -0.0042423606 0.14616531 0.0022053067 
0.9652 0.9160 0.9652 0.9160 0.9533 0.8934 0.9562 0.8998 0.9605 0.9075 0.9626 0.9108 1.1324883e-06 -0.0017366409 0.072705969 0.00092757375  6.3180923e-06 -0.0039455891 0.074619703 0.0021725026  1.7881393e-07 -0.0005889535 0.080100231 0.00042779384  2.3841858e-07 -0.00073635578 0.075263716 0.0004529007  4.6491623e-06 0.00017952919 0.16666037 0.0030573689  4.3511391e-06 -0.003683567 0.16877834 0.0015257681  7.0929527e-06 -0.0032883883 0.15626669 0.0023472555  7.0929527e-06 -0.0058211088 0.15837243 0.0018492503 
0.9734 0.9332 0.9734 0.9332 0.9644 0.9137 0.9652 0.9146 0.9673 0.9202 0.9688 0.9234 1.847744e-06 -0.0022572875 0.064439625 0.0011802911  7.0929527e-06 -0.0042641163 0.066832401 0.0023103496  5.9604645e-07 -0.0012894273 0.07155773 0.00070056061  6.5565109e-07 -0.0013213754 0.068646349 0.00075571762  1.6868114e-05 -0.012672722 0.14942591 0.0036086606  1.7225742e-05 -0.013370037 0.1495515 0.003875361  1.8537045e-05 -0.011642575 0.14448693 0.0035342858  1.8656254e-05 -0.013205528 0.14573383 0.0040865713 
0.9756 0.9371 0.9756 0.9371 0.9641 0.9142 0.9659 0.9179 0.9680 0.9226 0.9691 0.9237 1.4305115e-06 -0.0020169616 0.063522287 0.0010571012  5.7220459e-06 -0.00383389 0.066466056 0.0020823001  1.013279e-06 -0.0016251802 0.07301075 0.00094079271  2.9802322e-07 -0.00095027685 0.069955342 0.00050762306  2.43783e-05 -0.018586457 0.15587133 0.0063908719  2.5331974e-05 -0.020954192 0.15727282 0.0075779079  9.1195107e-06 -0.013364494 0.14708973 0.0043600884  9.059906e-06 -0.014420152 0.14916502 0.0049025485 
0.9792 0.9470 0.9792 0.9470 0.9670 0.9199 0.9688 0.9238 0.9691 0.9235 0.9702 0.9253 1.1324883e-06 -0.0018656254 0.059372138 0.000929431  5.364418e-06 -0.003778398 0.061851725 0.0020029473  1.1920929e-07 -0.00061708689 0.069464348 0.00036453459  8.3446503e-07 -0.001499474 0.065971203 0.00085675047  9.0003014e-06 -0.0092086196 0.14368413 0.0022405771  9.1791153e-06 -0.011460006 0.14535117 0.0029724162  1.591444e-05 -0.010292828 0.13754514 0.002845823  1.5974045e-05 -0.01179713 0.13831899 0.0031527755 
0.9698 0.9233 0.9698 0.9233 0.9626 0.9099 0.9634 0.9108 0.9616 0.9062 0.9626 0.9094 8.3446503e-07 -0.0016173124 0.068535425 0.00078895171  5.8412552e-06 -0.0039134622 0.070923142 0.0020874596  2.9802322e-07 -0.00089168549 0.076283611 0.00050462695  5.9604645e-08 -0.00036329031 0.074435689 0.00021430878  8.8810921e-06 -0.012969971 0.16040145 0.0039258403  8.9406967e-06 -0.013649285 0.16146787 0.0042642679  3.0994415e-06 -0.0039594769 0.15665174 0.0013174074  3.1590462e-06 -0.0051041842 0.15756394 0.0012491071 
0.9720 0.9279 0.9720 0.9279 0.9630 0.9091 0.9634 0.9098 0.9641 0.9091 0.9648 0.9114 1.4901161e-06 -0.0020140409 0.06646274 0.0010598437  6.8545341e-06 -0.0041256547 0.068494543 0.00226511  2.3841858e-07 -0.00075340271 0.073901989 0.00046931027  1.1920929e-07 -0.00052183867 0.071439222 0.0002829435  1.6331673e-05 -0.012463689 0.15335178 0.0040480427  1.6570091e-05 -0.012439132 0.15314662 0.0040368199  5.543232e-06 -0.0028003454 0.14857101 0.0022023068  5.543232e-06 -0.0032995939 0.14906624 0.0020219183 
0.9727 0.9305 0.9727 0.9305 0.9608 0.9072 0.9630 0.9115 0.9670 0.9195 0.9673 0.9189 1.0728836e-06 -0.0018424988 0.065862194 0.00090143876  5.6624413e-06 -0.0039101243 0.068057075 0.0020550854  6.5565109e-07 -0.0012978315 0.074596807 0.00075680383  2.3841858e-07 -0.00075995922 0.071358256 0.00044751889  1.2755394e-05 -0.0099123716 0.15577076 0.0025555681  1.2934208e-05 -0.012982488 0.15713216 0.0034401529  1.0311604e-05 -0.012198806 0.148855 0.0036734885  1.0311604e-05 -0.012033403 0.14929834 0.0035974927 
